14 -23.0980391997 [-1, -1, -1, 1, 1, 1, -1, 1, -1, 1, -1, 1, 1, 1, -1, 
-1, 1, 1, -1, -1, 1, 1, 1, 1, -1, 1, 1, -1, -1, 1, 1, 1, -1, 1, 1, -1, 
-1, -1, -1, -1, -1, -1, -1, -1, -1, 1, 1, -1, 1, -1, -1, -1, -1, 1, -1, 
1, -1, 1, 1, -1, -1, -1, 1, 1, 1, -1, 1, -1, -1, 1, 1, -1, 1, -1, 1, 
-1, -1, -1, -1, -1, 1, 1, -1, -1, 1, -1, -1, 1, -1, 1, -1, -1, 1, -1, 
-1, 1, 1, 1, -1, -1, -1, -1, 1, 1, 1, -1, 1, 1, -1, -1, -1, -1, 1, -1, 
1, 1, 1, -1, 1, -1, 1, 1, -1, -1, -1, -1, 1, 1, -1, -1, -1, 1, 1, 1, 1, 
-1, 1, -1, -1, 1, -1, 1, 1, 1, -1, -1, -1, -1, 1, -1, -1, -1, 1, -1, 
-1, 1, -1, 1, 1, -1, -1, -1, -1, 1, 1, -1, 1, 1, 1, 1, 1, 1, -1, -1, 1, 
-1, 1, 1, 1, -1, 1, -1, -1, 1, 1, -1, 1, 1, 1, -1, -1, 1, -1, -1, 1, 
-1, 1, 1, 1, 1]

14 -23.0980391997 [1, -1, -1, -1, -1, 1, -1, -1, -1, -1, -1, 1, -1, 1, 
1, -1, -1, 1, -1, 1, 1, 1, -1, -1, 1, -1, 1, -1, -1, -1, 1, 1, -1, 1, 
-1, -1, -1, -1, 1, 1, -1, 1, 1, 1, -1, 1, -1, 1, 1, -1, -1, 1, -1, -1, 
-1, 1, 1, 1, -1, -1, 1, -1, 1, 1, 1, -1, 1, 1, -1, 1, 1, -1, -1, -1, 
-1, -1, -1, 1, 1, 1, 1, -1, -1, -1, -1, 1, -1, -1, -1, -1, -1, -1, -1, 
-1, 1, -1, 1, 1, 1, -1, -1, 1, 1, -1, -1, -1, -1, 1, -1, -1, -1, -1, 1, 
-1, 1, 1, -1, -1, 1, -1, 1, -1, 1, 1, 1, -1, -1, -1, 1, 1, -1, 1, -1, 
-1, -1, 1, -1, -1, -1, -1, -1, -1, 1, -1, -1, -1, -1, -1, -1, 1, 1, 1, 
-1, -1, 1, 1, -1, 1, -1, 1, 1, -1, 1, 1, 1, -1, -1, 1, -1, 1, -1, -1, 
1, -1, 1, 1, -1, -1, -1, -1, 1, -1, 1, 1, 1, -1, 1, -1, -1, -1, 1, -1, 
1, 1, 1, 1, -1, 1, 1, 1]

14 -23.0980391997 [-1, 1, 1, 1, -1, 1, 1, -1, -1, 1, -1, 1, -1, -1, -1, 
1, -1, 1, 1, -1, -1, 1, -1, 1, 1, 1, -1, -1, 1, -1, -1, -1, -1, -1, 1, 
1, -1, 1, -1, -1, -1, -1, 1, 1, -1, 1, 1, 1, -1, 1, -1, 1, 1, -1, -1, 
1, -1, -1, -1, 1, 1, 1, -1, -1, 1, -1, 1, 1, 1, -1, 1, 1, 1, 1, 1, -1, 
-1, -1, -1, -1, -1, 1, 1, 1, 1, 1, -1, -1, -1, 1, -1, -1, -1, -1, -1, 
1, -1, -1, 1, -1, 1, 1, 1, -1, -1, 1, 1, -1, -1, -1, -1, 1, 1, -1, -1, 
-1, 1, -1, 1, 1, -1, 1, 1, -1, 1, -1, 1, 1, 1, -1, -1, -1, 1, 1, -1, 1, 
-1, 1, -1, 1, -1, -1, -1, -1, -1, -1, 1, -1, -1, -1, -1, -1, -1, 1, 1, 
1, -1, -1, 1, 1, -1, 1, -1, 1, 1, -1, 1, -1, 1, -1, -1, 1, -1, 1, 1, 
-1, 1, -1, 1, 1, -1, -1, -1, -1, 1, -1, 1, 1, 1, -1, 1, 1, -1, 1, 1, 
-1, 1, 1, 1, 1]

14 -23.0980391997 [1, 1, 1, -1, -1, 1, 1, -1, -1, 1, 1, -1, 1, -1, -1, 
1, 1, 1, -1, -1, -1, 1, -1, -1, 1, -1, -1, 1, -1, -1, -1, 1, 1, -1, 1, 
1, 1, -1, -1, -1, 1, 1, -1, 1, 1, -1, 1, -1, -1, -1, -1, 1, 1, -1, -1, 
-1, 1, 1, -1, 1, 1, -1, 1, -1, -1, -1, -1, -1, -1, -1, -1, -1, 1, 1, 
-1, -1, -1, 1, 1, 1, 1, -1, 1, -1, 1, 1, -1, 1, -1, 1, 1, -1, -1, 1, 
-1, -1, 1, 1, 1, -1, 1, -1, 1, -1, -1, -1, -1, -1, -1, -1, 1, 1, -1, 
-1, -1, -1, -1, 1, -1, 1, -1, 1, -1, 1, 1, -1, 1, 1, -1, 1, -1, 1, 1, 
1, 1, 1, 1, 1, -1, -1, 1, 1, -1, -1, -1, -1, -1, 1, 1, 1, 1, -1, -1, 1, 
-1, 1, 1, -1, 1, 1, -1, 1, -1, 1, 1, -1, -1, 1, -1, -1, -1, -1, -1, -1, 
-1, -1, -1, 1, 1, -1, 1, 1, 1, -1, -1, -1, -1, -1, 1, -1, 1, -1, 1, -1, 
-1, 1, 1, -1, -1, 1]

14 -23.0980391997 [1, -1, 1, -1, 1, 1, 1, 1, 1, -1, -1, 1, 1, -1, 1, 1, 
1, 1, -1, -1, 1, 1, -1, -1, -1, 1, 1, -1, -1, 1, 1, -1, 1, 1, 1, -1, 1, 
-1, -1, -1, -1, -1, 1, -1, 1, 1, 1, 1, 1, 1, -1, 1, 1, 1, -1, 1, 1, 1, 
-1, -1, -1, -1, -1, -1, 1, 1, -1, 1, -1, 1, -1, 1, -1, 1, 1, 1, 1, 1, 
-1, -1, -1, 1, 1, -1, -1, -1, 1, 1, 1, -1, 1, -1, -1, -1, -1, -1, -1, 
1, 1, 1, 1, -1, 1, -1, 1, 1, 1, 1, -1, -1, 1, -1, -1, 1, 1, -1, 1, 1, 
-1, 1, -1, -1, -1, -1, 1, -1, -1, -1, -1, -1, -1, -1, -1, 1, -1, 1, 1, 
-1, -1, -1, 1, -1, 1, -1, -1, -1, 1, 1, -1, 1, 1, 1, 1, 1, -1, -1, 1, 
-1, -1, -1, 1, 1, 1, -1, 1, 1, 1, -1, 1, -1, -1, 1, 1, 1, 1, -1, 1, -1, 
-1, 1, 1, -1, -1, 1, 1, -1, 1, 1, -1, 1, 1, -1, 1, -1, 1, 1, -1, 1, 1, 
-1]

14 -23.0980391997 [1, 1, -1, -1, 1, -1, 1, 1, -1, 1, 1, -1, 1, 1, 1, 
-1, -1, 1, 1, 1, 1, -1, 1, -1, 1, 1, 1, 1, 1, 1, 1, 1, -1, -1, -1, 1, 
-1, -1, -1, -1, 1, 1, 1, 1, 1, 1, 1, 1, -1, -1, 1, 1, -1, 1, -1, -1, 1, 
1, -1, -1, -1, 1, -1, -1, -1, -1, -1, -1, 1, -1, 1, -1, -1, 1, -1, 1, 
1, 1, -1, 1, -1, 1, -1, 1, 1, 1, 1, 1, 1, 1, -1, -1, 1, -1, 1, -1, 1, 
-1, 1, 1, -1, -1, 1, 1, -1, 1, -1, -1, 1, 1, 1, -1, 1, -1, -1, -1, -1, 
-1, 1, -1, -1, 1, 1, -1, 1, -1, 1, 1, -1, 1, -1, -1, 1, 1, -1, -1, 1, 
1, 1, 1, -1, 1, -1, 1, 1, 1, -1, -1, -1, -1, -1, -1, 1, 1, 1, -1, 1, 
-1, 1, -1, -1, 1, 1, 1, -1, -1, -1, -1, 1, -1, 1, -1, -1, 1, 1, 1, 1, 
1, -1, -1, -1, 1, -1, 1, -1, -1, -1, -1, -1, -1, 1, 1, -1, -1, -1, 1, 
-1, -1, -1, 1]
